[level_config]
music = 1
gfx_1 = 0
size_x = 256
gfx_4 = 2
size_y = 32
gfx_2 = 1
background = F0
gfx_3 = 2
sp_1 = 3
sp_2 = 4
start_y = 2
start_x = 1

[scripts]
level_lua.lua = main

[sprite_data]
00,288,96,1
00,400,32,1
00,176,32,1
00,992,32,1
00,1072,112,1
00,1312,32,1
01,1184,80,1
01,1120,32,1
01,1632,32,1
01,1696,96,1
01,1984,48,1
01,2240,160,1
00,2496,96,1

[level_data]
102,29,1
3F,0,0,28,0
14C,29,0
104,9,2
104,23,2
103,8,2
103,22,2
107,13,2
108,14,2
105,13,3
2B,5,6,8,6
130,18,5,22,5
14B,33,0,33,2
14B,52,0,52,4
101,33,3
100,34,3,37,3
102,38,3
100,53,5
102,54,5
3F,34,0,37,2
14C,38,0,38,2
14C,54,0,54,4
3F,53,0,53,4
103,53,6
104,54,6
104,36,4
103,35,4
106,14,3
130,42,4,43,4
130,48,4,49,4
100,0,1,28,1
101,52,5
3F,60,2,62,4
14C,63,2,63,4
14C,77,2,77,3
14B,59,2,59,4
14B,72,2,72,3
101,59,5
101,72,4
102,63,5
102,77,4
100,60,5,62,5
100,73,4,76,4
3F,59,0,87,0
105,83,3
106,84,3
106,74,6
105,73,6
106,62,7
105,61,7
107,61,6
107,73,5
107,83,2
108,84,2
108,74,5
108,62,6
130,66,6,69,6
103,66,2
103,75,5
103,79,2
104,76,5
104,60,6
104,80,2
104,67,2
103,59,6
130,80,6
2B,34,5,37,6
11F,20,8
2B,25,3,28,4
2B,4,4,9,4
130,83,7
101,58,1
100,59,1,87,1
102,88,1
14C,88,0
14B,58,0
3F,73,2,76,3
130,92,3
103,86,2
103,99,2
104,87,2
104,100,2
3F,107,0,108,1
14B,103,2,103,4
2B,90,5,94,5
14B,96,0
101,96,1
100,97,1,105,1
100,115,1,123,1
112,106,1
112,124,1
15C,106,0
15C,124,0
3F,97,0,105,0
3F,115,0,123,0
111,114,1
15B,114,0
14B,112,0,112,2
3F,113,2,114,2
3F,113,0,113,1
101,112,3
101,123,2
100,124,2
102,115,3
102,125,2
14C,115,2
14C,125,0,125,1
103,105,6
103,118,2
103,124,3
104,106,6
104,119,2
104,125,3
106,108,7
106,114,5
105,107,7
108,114,4
105,113,5
108,108,6
107,107,6
11F,84,11
130,128,3
130,131,4
130,133,7
100,113,3,114,3
101,103,5
101,137,9
3F,104,2,108,4
102,109,5
102,143,9
100,104,5,108,5
100,138,9,142,9
14C,109,0,109,4
3F,138,0,142,8
14C,143,0,143,8
14B,137,0,137,8
107,113,4
107,140,10
108,141,10
106,141,11
105,140,11
104,138,10
103,137,10
11F,124,6
11F,142,13
2B,104,9,108,9
2B,117,4,121,4
130,149,5,149,6
130,160,5,160,6
130,150,5,159,5
130,147,7,149,7
130,160,7,162,7
130,151,0,151,4
130,158,0,158,4
